169
-13 1
-12 -4
-12 -3
-12 -2
-12 -1
-12 0
-12 2
-12 3
-11 -7
-11 -6
-11 -5
-11 -4
-11 4
-11 5
-11 6
-10 -8
-10 -7
-10 6
-10 7
-9 -9
-9 -1
-9 8
-8 -10
-8 -4
-8 -3
-8 -2
-8 0
-8 1
-8 2
-8 3
-8 9
-7 -10
-7 -5
-7 3
-7 4
-7 5
-7 10
-6 -11
-6 -7
-6 -6
-6 5
-6 6
-6 10
-6 11
-5 -12
-5 -7
-5 6
-5 11
-4 -12
-4 -8
-4 -3
-4 -2
-4 -1
-4 0
-4 1
-4 2
-4 7
-4 11
-3 -12
-3 -8
-3 -4
-3 -3
-3 3
-3 8
-3 11
-3 12
-2 -13
-2 -9
-2 -4
-2 3
-2 4
-2 8
-2 12
-1 -13
-1 -9
-1 -5
-1 4
-1 8
-1 12
0 -13
0 -9
0 -5
0 -1
0 0
0 4
0 8
0 12
1 -13
1 -9
1 -5
1 -1
1 0
1 4
1 8
1 12
2 -13
2 -9
2 -5
2 4
2 8
2 12
3 -13
3 -9
3 -4
3 3
3 8
3 12
4 -12
4 -8
4 -3
4 -2
4 -1
4 0
4 2
4 7
4 11
5 -12
5 -8
5 -7
5 1
5 7
5 11
6 -12
6 -7
6 6
6 11
7 -11
7 -6
7 -5
7 4
7 5
7 10
8 -10
8 -4
8 -3
8 -2
8 1
8 2
8 3
8 4
8 9
9 -10
9 -9
9 -1
9 0
9 1
9 8
9 9
10 -9
10 -8
10 -7
10 7
10 8
11 -7
11 -6
11 4
11 6
12 -5
12 -4
12 -3
12 -1
12 0
12 1
12 3
12 5
13 -3
13 -2
13 -1
13 2
