196
-3 -12
-2 -12
-1 -12
0 -12
1 -12
2 -12
3 -12
-5 -11
-4 -11
4 -11
5 -11
-7 -10
-6 -10
6 -10
7 -10
-8 -9
-3 -9
-2 -9
-1 -9
0 -9
1 -9
2 -9
3 -9
8 -9
-9 -8
-5 -8
-4 -8
4 -8
5 -8
9 -8
-10 -7
-6 -7
-2 -7
-1 -7
0 -7
1 -7
2 -7
6 -7
10 -7
-10 -6
-7 -6
-4 -6
-3 -6
3 -6
4 -6
7 -6
10 -6
-11 -5
-8 -5
-5 -5
5 -5
8 -5
11 -5
-11 -4
-8 -4
-6 -4
-2 -4
-1 -4
0 -4
1 -4
2 -4
6 -4
8 -4
11 -4
-12 -3
-9 -3
-6 -3
-3 -3
3 -3
6 -3
9 -3
12 -3
-12 -2
-9 -2
-7 -2
-4 -2
-1 -2
0 -2
1 -2
4 -2
7 -2
9 -2
12 -2
-12 -1
-9 -1
-7 -1
-4 -1
-2 -1
2 -1
4 -1
7 -1
9 -1
12 -1
-12 0
-9 0
-7 0
-4 0
-2 0
2 0
4 0
7 0
9 0
12 0
-12 1
-9 1
-7 1
-4 1
-2 1
2 1
4 1
7 1
9 1
12 1
-12 2
-9 2
-7 2
-4 2
-1 2
0 2
1 2
4 2
7 2
9 2
12 2
-12 3
-9 3
-6 3
-3 3
3 3
6 3
9 3
12 3
-11 4
-8 4
-6 4
-2 4
-1 4
0 4
1 4
2 4
6 4
8 4
11 4
-11 5
-8 5
-5 5
5 5
8 5
11 5
-10 6
-7 6
-4 6
-3 6
3 6
4 6
7 6
10 6
-10 7
-6 7
-2 7
-1 7
0 7
1 7
2 7
6 7
10 7
-9 8
-5 8
-4 8
4 8
5 8
9 8
-8 9
-3 9
-2 9
-1 9
0 9
1 9
2 9
3 9
8 9
-7 10
-6 10
6 10
7 10
-5 11
-4 11
4 11
5 11
-3 12
-2 12
-1 12
0 12
1 12
2 12
3 12
